#Aurora rockfish
#Amax
80
#M
0.04 0.03
#Selex																																																																																
0	7.71E-05	0.000257531	0.000793868	0.00222274	0.00567029	0.0131823	0.0278442	0.0532427	0.0921393	0.145064	0.209836	0.282267	0.357519	0.431294	0.500458	0.563149	0.618577	0.66672	0.708028	0.743192	0.772988	0.798183	0.819482	0.837506	0.852792	0.865792	0.876883	0.886379	0.894539	0.901577	0.90767	0.912964	0.917579	0.921616	0.925159	0.928278	0.93103	0.933467	0.935629	0.937515	0.939162	0.940633	0.941949	0.943129	0.944188	0.945141	0.945999	0.946773	0.947471	0.948101	0.948672	0.949188	0.949656	0.95008	0.950465	0.950814	0.951131	0.95142	0.951682	0.95192	0.952137	0.952335	0.952515	0.952678	0.952828	0.952964	0.953088	0.953201	0.953304	0.953398	0.953484	0.953562	0.953634	0.953699	0.953759	0.953813	0.953863	0.953908	0.953949	0.95401
0	7.58E-05	0.000244532	0.000728637	0.00197381	0.00488074	0.0110376	0.0228124	0.0430206	0.0740503	0.116828	0.1703	0.231705	0.297415	0.363847	0.428083	0.488098	0.542732	0.591521	0.634491	0.671972	0.70446	0.732514	0.756692	0.777521	0.795477	0.810978	0.824385	0.836009	0.846112	0.854917	0.862611	0.869354	0.875278	0.880497	0.885105	0.889185	0.892804	0.896021	0.898888	0.901405	0.903615	0.905594	0.907369	0.908963	0.910396	0.911686	0.912849	0.913898	0.914846	0.915702	0.916477	0.917178	0.917812	0.918388	0.91891	0.919383	0.919813	0.920203	0.920558	0.92088	0.921172	0.921439	0.921681	0.921901	0.922102	0.922284	0.92245	0.922601	0.922739	0.922864	0.922979	0.923083	0.923178	0.923264	0.923343	0.923414	0.92348	0.923539	0.923594	0.923672
#Weight																																																																																
0.010103	0.0126774	0.0219371	0.0341741	0.0488233	0.0655023	0.083804	0.103324	0.123679	0.144525	0.165558	0.186518	0.207189	0.227395	0.246997	0.265889	0.283993	0.301255	0.317643	0.33314	0.347746	0.361471	0.374331	0.386354	0.397568	0.40801	0.417714	0.426719	0.435063	0.442785	0.449924	0.456517	0.462599	0.468205	0.473369	0.478122	0.482495	0.486515	0.490208	0.4936	0.496724	0.499599	0.502237	0.504656	0.506873	0.508906	0.510768	0.512474	0.514037	0.515468	0.516778	0.517977	0.519075	0.520079	0.520999	0.52184	0.522609	0.523313	0.523957	0.524546	0.525085	0.525577	0.526028	0.52644	0.526817	0.527161	0.527476	0.527764	0.528027	0.528268	0.528488	0.528689	0.528873	0.529041	0.529194	0.529335	0.529463	0.529581	0.529688	0.529786	0.529929
0.00983569	0.0122507	0.0209108	0.0322818	0.045794	0.0610811	0.077763	0.0954654	0.113839	0.132573	0.151395	0.170078	0.188434	0.20631	0.22359	0.240186	0.256037	0.271101	0.285357	0.298796	0.311424	0.323254	0.334307	0.34461	0.354193	0.363091	0.371338	0.378971	0.386025	0.392536	0.39854	0.40407	0.40916	0.41384	0.41814	0.422088	0.425712	0.429035	0.432082	0.434874	0.437439	0.439794	0.441951	0.443924	0.445728	0.447379	0.448888	0.450268	0.451528	0.45268	0.453733	0.454694	0.455573	0.456375	0.457107	0.457776	0.458386	0.458943	0.459452	0.459916	0.46034	0.460727	0.46108	0.461402	0.461696	0.461964	0.462209	0.462432	0.462636	0.462822	0.462991	0.463146	0.463287	0.463416	0.463534	0.463641	0.463738	0.463828	0.463909	0.463983	0.464091
#Fec																																																																																
0.00	0.00	0.00	0.00	0.00	0.00	0.00	0.00	0.00	0.00	0.00	0.00	0.00	0.00	0.00	0.130916	0.158523	0.185669	0.211761	0.236431	0.259489	0.280866	0.300576	0.318682	0.335274	0.350455	0.364334	0.377015	0.388598	0.399178	0.408842	0.41767	0.425734	0.433102	0.439834	0.445986	0.451608	0.456746	0.461442	0.465735	0.469659	0.473246	0.476525	0.479523	0.482264	0.48477	0.48706	0.489154	0.491069	0.492819	0.494419	0.495881	0.497218	0.49844	0.499557	0.500578	0.501511	0.502365	0.503144	0.503857	0.504509	0.505104	0.505649	0.506146	0.506601	0.507017	0.507396	0.507744	0.508061	0.508351	0.508616	0.508859	0.50908	0.509282	0.509467	0.509636	0.509791	0.509932	0.510061	0.510179	0.510352
# SSR
2
# FMSY
0.0252
# BMSY/B0 (%)
41
# log (gamma)
-0.51
# Logit Steep
-0.31
